123597638557904
142292540351882
126300016831231
3008770770561
253787946919204
63087816391492
146585110839664
149413480989133
252404193373132
60905357130523
135231523764028
152037139475457
242093440592017
75996226539251
160874697721762
254052521273360
184541673756424
210119073371644
258112802844122
72205484539492
7555903148210
192192786690002
165245871201643
29596314129634
126188955823472
131343361233841
262799793803632
255483256864790
196995805899704
120009500542981
265453824860724
201116687705709
117579394139801
190788222776244
139433130839746
18095272463822
188542308551131
85385480177390
112458714078846
87906420322827
219431719608672
86019719022702
92007442872417
68709750102203
105987682022048
176165925956972
238923722702283
39185112853963
126967954864684
16322591681833
260330128063996
74417478599090
236635793472798
133827181462268
255939529497096
117375941585536
55391943813958
229217240946815
83851789306053
222413866220120
161692178692559
132536000538561
5511959914444
93885006875940
259331041140859
20480437303039
10076201316250
113809625957234
149132805827856
148679186025007
96028642482314
87521654844114
269490677929222
241774180817275
163561346145866
264040184416238
42548492300879
63368708865181
141887251513896
38203885945554
216431375310216
60901988311667
65643304690754
212354955116682
279325677295904
133304068741100
278289835528313
260188040699678
110431440444412
69523164992612
198427504044326
13380704403154
38562326043467
22660446929322
136348307292363
12438319017239
110456473034430
277541487316541
128434380488025
263932282130624
189034791100054
106026349715291
23941821989374
275085399311511
259627674456411
224281447876844
132531154962612
247644252672080
32104388534867
63864206753210
252417299155509
219175487259097
10955000089339
73651629222426
157564970733351
209600169409661
100743591058899
226471476460905
219620557932337
193954056182252
138896786609584
178357598534305
164100360789216
56802913113517
33007249260024
103680269933372
147523311815962
146190910001358
94109801600556
224849583088777
155428735317024
12592089030716
194087433669083
281174537569431
220881980078561
87555409561986
186416688804945
119470938673455
116444934784074
153380604916469
107188255288267
21434971305439
92972788298113
213919485239377
34442986741506
200832937104124
183378713730269
64026825682330
222971172342193
164351882497584
274772167615070
260358306115610
256274043120944
256176439487604
230756747903494
25555292483449
105109492934309
71691418588843
67272448209223
32838939846730
158320590779899
118422284625844
67299135736825
1304670376694
269570375965804
6481452322732
102590133248911
77758893940437
261668664232870
88111149556836
7166245065265
9611173075402
73528429675162
110887167710575
200187323305005
82664742441830
265311602701377
226973732638083
175866862141238
94178786057803
47565490548482
161412393176010
222828327477552
18834089003977
261512562784156
132333361316075
254129891226592
236389260238054
3502514874842
256501549595187
195867631404274
142781975040838
35473345047126
25364631401999
161317310650570
139325102007057
193370853795551
134899418099805
89837975287821
145118238323702
15322980873461
18920207209182
3849874871955
171198812848029
68055128196281
19268209980455
275950373576356
169241011566913
239264944669404
15925323879610
98818790498757
206169711482090
36909346079451
188967626272301
213168110907007
4776283119182
183004221586074
160278929069394
66368353122755
157178000726287
87146564701360
159649052450845
78851595611420
178595538264931
209623304958113
30547374696826
234439374993393
142502446376797
134441689324068
43284849304082
98619756409249
197094014284409
96966061499927
197272364753601
94611435935062
64143888371750
170461843732940
126301608339209
263519563513669
202255050356466
221776881910672
206615083192434
65437617865075
109000623640884
9537723660445
88625849261956
71292226284173
110963166774676
190037717143260
200460886346
161213299395649
174167814063151
244809807462737
264432237285824
212754987629619
111301591681974
170581113747284
257553880647263
6498038872553
97079857373675
169892993141513
260178110907301
35966523656054
54956007554270
127019449648924
79794176547632
13135162353798
182579788265641
253758811124285
128185228305584
581225529629
143428341344436
163422095277276
113284839436399
139009911326404
139376596007736
222731278313956
231497222854481
279702252632092
55740568395743
225169710054972
174659314600343
42567985356791
126803011609683
39190541570645
18980419505748
27895385073888
227386285098915
53778741983244
203442370291365
7187483504223
32234880769986
117051788712425
69912587143665
80770372466327
278521214095583
130540979953650
112765357540740
50510488278855
176683089329913
151038368608508
169127627306767
250328150750270
158892571362217
88315935101981
92450332787683
105174606633119
63785674175616
208007777269238
101438356522930
122058487739275
17324491666078
52187851266964
259169593183141
265553698786788
274898114708612
14947489600417
217804680523827
247689451821754
173712152875482
164844451422254
42660577600291
215843762810260
3845897511846
8150178996123
15502739896497
63025051147588
121274931532982
174467056675855
47925459485870
152143149575560
134680473793854
215429503863434
268808148170503
253477204969566
68366278866179
91791715142896
22495672578443
202244839448657
269859787709820
116741508245951
263206087065781
116155431309552
168924992197543
281278918057457
188245442944219
59114391569229
179495055951083
89509778277871
11834031018688
253603185758139
41124563016949
157717176444895
38856299014608
195872019908009
11832686118063
50257715295786
26899538939086
194867681857864
130577322885600
162328093804719
150092668595673
224911556827268
263764951583295
140380229635938
247174433477508
102378599251924
256074833014525
107210820880330
127831127096633
40180204615316
172081870164541
210590206484574
33432501742469
76401221878797
153898911339135
96041836257072
265695253749954
84077220924400
75632221497940
493272720396
178048292718033
186128587828898
179431983197205
168546078055066
182776068823736
239354698205999
79299112156949
137175928998265
127210870258869
269538782804575
72642852380463
28267435915209
99980844015668
19605946963333
